# v(mm/s) counts error
-11.7257 8651546 2941
-11.6794 8646407 2941
-11.6331 8653617 2941
-11.5867 8649125 2941
-11.5404 8640353 2941
-11.4941 8652391 2941
-11.4478 8652682 2941
-11.4015 8648101 2941
-11.3552 8653932 2941
-11.3088 8652606 2941
-11.2625 8651413 2941
-11.2162 8660739 2943
-11.1699 8652866 2941
-11.1236 8661098 2943
-11.0773 8650679 2941
-11.0309 8655410 2943
-10.9846 8664744 2943
-10.9383 8651081 2941
-10.892 8663737 2943
-10.8457 8661488 2943
-10.7994 8653540 2941
-10.753 8655090 2941
-10.7067 8648083 2941
-10.6604 8648279 2941
-10.6141 8650798 2941
-10.5678 8653270 2941
-10.5215 8652292 2941
-10.4751 8653673 2941
-10.4288 8662639 2943
-10.3825 8648777 2941
-10.3362 8643601 2941
-10.2899 8659797 2943
-10.2436 8648019 2941
-10.1972 8648394 2941
-10.1509 8663459 2943
-10.1046 8648224 2941
-10.0583 8647024 2941
-10.012 8647146 2941
-9.96565 8644742 2941
-9.91933 8649999 2941
-9.87302 8648874 2941
-9.8267 8642248 2941
-9.78038 8650490 2941
-9.73407 8648768 2941
-9.68775 8652962 2941
-9.64143 8651507 2941
-9.59511 8653319 2941
-9.5488 8650548 2941
-9.50248 8650134 2941
-9.45616 8650023 2941
-9.40985 8645916 2941
-9.36353 8648782 2941
-9.31721 8650789 2941
-9.2709 8662995 2943
-9.22458 8643718 2941
-9.17826 8651205 2941
-9.13194 8647745 2941
-9.08563 8650385 2941
-9.03931 8650445 2941
-8.99299 8645636 2941
-8.94668 8650322 2941
-8.90036 8652215 2941
-8.85404 8655190 2941
-8.80773 8665121 2943
-8.76141 8646356 2941
-8.71509 8662441 2943
-8.66878 8664816 2943
-8.62246 8653212 2941
-8.57614 8645629 2941
-8.52982 8650372 2941
-8.48351 8654094 2941
-8.43719 8657734 2943
-8.39087 8658013 2943
-8.34456 8662143 2943
-8.29824 8649642 2941
-8.25192 8654907 2941
-8.20561 8654163 2941
-8.15929 8643217 2941
-8.11297 8659800 2943
-8.06666 8657998 2943
-8.02034 8651445 2941
-7.97402 8661302 2943
-7.9277 8658937 2943
-7.88139 8652090 2943
-7.83507 8660031 2943
-7.78875 8660759 2943
-7.74244 8646090 2941
-7.69612 8649387 2941
-7.6498 8647794 2941
-7.60349 8650150 2941
-7.55717 8651741 2941
-7.51085 8652189 2941
-7.46454 8649191 2941
-7.41822 8659541 2943
-7.3719 8649084 2941
-7.32558 8647572 2941
-7.27927 8664620 2943
-7.23295 8648345 2941
-7.18663 8647232 2941
-7.14032 8657955 2943
-7.094 8653383 2941
-7.04768 8651847 2941
-7.00137 8659384 2943
-6.95505 8651340 2941
-6.90873 8647909 2941
-6.86242 8649856 2941
-6.8161 8650436 2941
-6.76978 8654251 2941
-6.72346 8647671 2941
-6.67715 8648186 2941
-6.63083 8648125 2941
-6.58451 8643884 2941
-6.5382 8650509 2941
-6.49188 8657200 2941
-6.44556 8649571 2941
-6.39925 8657875 2943
-6.35293 8655221 2941
-6.30661 8650749 2941
-6.2603 8652971 2941
-6.21398 8651895 2941
-6.16766 8649764 2941
-6.12134 8651262 2941
-6.07503 8651955 2941
-6.02871 8647275 2941
-5.98239 8650351 2941
-5.93608 8647075 2941
-5.88976 8662147 2943
-5.84344 8647434 2941
-5.79713 8643956 2941
-5.75081 8663131 2943
-5.70449 8647306 2941
-5.65818 8649090 2941
-5.61186 8645098 2941
-5.56554 8654103 2941
-5.51922 8650396 2941
-5.47291 8655958 2941
-5.42659 8651483 2941
-5.38027 8647738 2941
-5.33396 8650275 2941
-5.28764 8662567 2943
-5.24132 8659031 2943
-5.19501 8658522 2943
-5.14869 8646061 2941
-5.10237 8656687 2943
-5.05606 8660152 2943
-5.00974 8655443 2943
-4.96342 8646408 2941
-4.9171 8648184 2941
-4.87079 8650260 2941
-4.82447 8650035 2941
-4.77815 8644362 2941
-4.73184 8646831 2941
-4.68552 8649738 2941
-4.6392 8651116 2941
-4.59289 8649512 2941
-4.54657 8646427 2941
-4.50025 8655234 2941
-4.45394 8650369 2941
-4.40762 8650589 2941
-4.3613 8644878 2941
-4.31498 8643903 2941
-4.26867 8651896 2941
-4.22235 8648819 2941
-4.17603 8648014 2941
-4.12972 8651062 2941
-4.0834 8649368 2941
-4.03708 8651082 2941
-3.99077 8656988 2941
-3.94445 8657766 2943
-3.89813 8648652 2941
-3.85182 8653236 2941
-3.8055 8653444 2941
-3.75918 8649871 2941
-3.71286 8650524 2941
-3.66655 8645724 2941
-3.62023 8651258 2941
-3.57391 8646060 2941
-3.5276 8646316 2941
-3.48128 8649927 2941
-3.43496 8648140 2941
-3.38865 8650649 2941
-3.34233 8648409 2941
-3.29601 8650455 2941
-3.2497 8649333 2941
-3.20338 8648744 2941
-3.15706 8642483 2941
-3.11074 8641068 2941
-3.06443 8651605 2941
-3.01811 8651449 2941
-2.97179 8647742 2941
-2.92548 8642437 2941
-2.87916 8651939 2941
-2.83284 8651051 2941
-2.78653 8649297 2941
-2.74021 8649972 2941
-2.69389 8651181 2941
-2.64758 8653221 2941
-2.60126 8646818 2941
-2.55494 8654999 2941
-2.50862 8651887 2941
-2.46231 8648603 2941
-2.41599 8646155 2941
-2.36967 8650474 2941
-2.32336 8644439 2941
-2.27704 8652822 2941
-2.23072 8651341 2941
-2.18441 8651831 2941
-2.13809 8652340 2941
-2.09177 8643980 2941
-2.04546 8647230 2941
-1.99914 8649701 2941
-1.95282 8650009 2941
-1.9065 8651533 2941
-1.86019 8650211 2941
-1.81387 8652806 2941
-1.76755 8640338 2941
-1.72124 8649882 2941
-1.67492 8651789 2941
-1.6286 8643974 2941
-1.58229 8648299 2941
-1.53597 8643218 2939
-1.48965 8639565 2939
-1.44334 8638603 2939
-1.39702 8649642 2941
-1.3507 8647725 2941
-1.30438 8642329 2939
-1.25807 8643103 2939
-1.21175 8639363 2939
-1.16543 8642325 2939
-1.11912 8640196 2939
-1.0728 8635501 2939
-1.02648 8641280 2939
-0.980166 8640374 2939
-0.933849 8639869 2939
-0.887532 8631159 2938
-0.841215 8640052 2939
-0.794899 8629811 2938
-0.748582 8628625 2938
-0.702265 8630301 2938
-0.655948 8615116 2936
-0.609631 8611563 2936
-0.563314 8610793 2934
-0.516997 8606757 2934
-0.47068 8597720 2933
-0.424363 8584610 2931
-0.378046 8571790 2927
-0.331729 8561358 2926
-0.285412 8528459 2921
-0.239095 8499294 2915
-0.192779 8469201 2910
-0.146462 8425457 2903
-0.100145 8387449 2897
-0.0538278 8346777 2890
-0.00751089 8308678 2883
0.038806 8264884 2876
0.085123 8249493 2872
0.13144 8230639 2869
0.177757 8228085 2869
0.224074 8253376 2872
0.270391 8297294 2879
0.316708 8330700 2886
0.363025 8371584 2893
0.409341 8400908 2898
0.455658 8409907 2900
0.501975 8397215 2898
0.548292 8391315 2897
0.594609 8348361 2890
0.640926 8300899 2881
0.687243 8273792 2876
0.73356 8238484 2871
0.779877 8236628 2871
0.826194 8257904 2872
0.872511 8276941 2877
0.918828 8321430 2884
0.965145 8363152 2891
1.01146 8412977 2900
1.05778 8448896 2907
1.1041 8489083 2914
1.15041 8520854 2919
1.19673 8542090 2922
1.24305 8560569 2926
1.28936 8573494 2929
1.33568 8591590 2931
1.382 8599111 2933
1.42831 8607096 2934
1.47463 8621654 2936
1.52095 8616454 2936
1.56726 8626867 2938
1.61358 8626185 2938
1.6599 8628870 2938
1.70622 8625489 2938
1.75253 8642217 2939
1.79885 8637793 2939
1.84517 8644028 2939
1.89148 8639177 2939
1.9378 8641721 2939
1.98412 8638656 2939
2.03043 8649020 2941
2.07675 8649495 2941
2.12307 8650229 2941
2.16938 8638784 2939
2.2157 8649796 2941
2.26202 8649800 2941
2.30834 8651772 2941
2.35465 8650309 2941
2.40097 8640155 2939
2.44729 8653612 2941
2.4936 8647171 2941
2.53992 8652426 2941
2.58624 8651659 2941
2.63255 8652620 2941
2.67887 8650496 2941
2.72519 8652428 2941
2.7715 8651651 2941
2.81782 8651002 2941
2.86414 8648919 2941
2.91046 8645246 2941
2.95677 8649026 2941
3.00309 8646589 2941
3.04941 8644993 2941
3.09572 8642706 2941
3.14204 8648583 2941
3.18836 8647148 2941
3.23467 8652754 2941
3.28099 8647191 2941
3.32731 8652365 2941
3.37362 8652694 2941
3.41994 8652309 2941
3.46626 8649040 2941
3.51258 8644192 2941
3.55889 8649044 2941
3.60521 8648507 2941
3.65153 8649135 2941
3.69784 8648701 2941
3.74416 8648091 2941
3.79048 8647074 2941
3.83679 8648121 2941
3.88311 8651987 2941
3.92943 8648078 2941
3.97574 8646148 2941
4.02206 8650221 2941
4.06838 8642313 2941
4.1147 8645852 2941
4.16101 8648578 2941
4.20733 8652990 2941
4.25365 8649980 2941
4.29996 8650220 2941
4.34628 8647879 2941
4.3926 8648534 2941
4.43891 8654277 2941
4.48523 8653203 2943
4.53155 8656059 2941
4.57786 8647528 2941
4.62418 8655605 2941
4.6705 8665514 2943
4.71681 8650284 2941
4.76313 8653244 2941
4.80945 8647624 2941
4.85577 8646337 2941
4.90208 8650788 2941
4.9484 8653905 2941
4.99472 8648294 2941
5.04103 8654601 2941
5.08735 8657646 2943
5.13367 8647116 2941
5.17998 8649568 2941
5.2263 8647667 2941
5.27262 8652508 2941
5.31894 8653099 2941
5.36525 8651321 2941
5.41157 8652825 2941
5.45789 8648928 2941
5.5042 8651448 2941
5.55052 8645809 2941
5.59684 8650530 2941
5.64315 8644718 2941
5.68947 8646544 2941
5.73579 8656917 2943
5.7821 8652969 2941
5.82842 8658284 2943
5.87474 8655488 2943
5.92106 8654502 2941
5.96737 8648747 2941
6.01369 8652219 2941
6.06001 8649001 2941
6.10632 8649742 2941
6.15264 8651227 2941
6.19896 8661566 2943
6.24527 8650665 2941
6.29159 8662885 2943
6.33791 8662149 2943
6.38422 8658826 2943
6.43054 8652839 2941
6.47686 8647148 2941
6.52318 8653280 2941
6.56949 8651399 2941
6.61581 8650820 2941
6.66213 8656970 2943
6.70844 8648390 2941
6.75476 8648417 2941
6.80108 8657927 2943
6.84739 8664134 2943
6.89371 8655255 2943
6.94003 8657584 2943
6.98634 8647898 2941
7.03266 8651980 2941
7.07898 8651698 2941
7.1253 8647933 2941
7.17161 8660209 2943
7.21793 8657470 2943
7.26425 8652541 2941
7.31056 8655267 2941
7.35688 8649464 2941
7.4032 8656133 2943
7.44951 8643852 2941
7.49583 8651754 2941
7.54215 8645506 2941
7.58846 8661832 2943
7.63478 8655060 2943
7.6811 8652312 2941
7.72742 8651508 2941
7.77373 8654324 2943
7.82005 8653803 2941
7.86637 8653336 2941
7.91268 8651664 2941
7.959 8649766 2941
8.00532 8647263 2941
8.05163 8650466 2941
8.09795 8648536 2941
8.14427 8653176 2941
8.19058 8651244 2941
8.2369 8643890 2941
8.28322 8647476 2941
8.32954 8653102 2941
8.37585 8650319 2941
8.42217 8645903 2941
8.46849 8650961 2941
8.5148 8654523 2941
8.56112 8654929 2941
8.60744 8650305 2941
8.65375 8650287 2941
8.70007 8648423 2941
8.74639 8647280 2941
8.7927 8656297 2943
8.83902 8651431 2941
8.88534 8655045 2941
8.93165 8648128 2941
8.97797 8646868 2941
9.02429 8649013 2941
9.07061 8654111 2943
9.11692 8649359 2941
9.16324 8651952 2941
9.20956 8652029 2941
9.25587 8649143 2941
9.30219 8652266 2941
9.34851 8649173 2941
9.39482 8647476 2941
9.44114 8652529 2941
9.48746 8649949 2941
9.53378 8649665 2941
9.58009 8648319 2941
9.62641 8652671 2941
9.67273 8663009 2943
9.71904 8649057 2941
9.76536 8648587 2941
9.81168 8646764 2941
9.85799 8651758 2941
9.90431 8654405 2941
9.95063 8648669 2941
9.99694 8651617 2941
10.0433 8654890 2943
10.0896 8663536 2943
10.1359 8662035 2943
10.1822 8649632 2941
10.2285 8654401 2941
10.2748 8650877 2941
10.3212 8661494 2943
10.3675 8658141 2943
10.4138 8661821 2943
10.4601 8661141 2943
10.5064 8659522 2943
10.5527 8658536 2943
10.5991 8654355 2943
10.6454 8645292 2941
10.6917 8652168 2941
10.738 8657326 2943
10.7843 8660468 2943
10.8306 8651675 2941
10.877 8649286 2941
10.9233 8652045 2941
10.9696 8655099 2941
11.0159 8650717 2941
11.0622 8644498 2941
11.1086 8650527 2941
11.1549 8647630 2941
11.2012 8644060 2941
11.2475 8651276 2941
11.2938 8647477 2941
11.3401 8650907 2941
11.3865 8647169 2941
11.4328 8649981 2943
11.4791 8646760 2941
11.5254 8648886 2941
11.5717 8648191 2941
11.618 8648794 2941
11.6644 8662882 2943
11.7107 8651947 2941
11.757 8647799 2941
11.8033 8649734 2941
11.8496 8653336 2941
11.8959 8650558 2941
11.9423 8651736 2941
